0 
1.90979
12.6901
28.6994
47.4688
67.9503
89.6063
112.121
135.293
158.985
183.1
207.564
232.323
257.334
282.563
307.981
333.566
359.299
385.165
411.148
437.24
463.428
489.706
516.064
542.497
568.998
595.563
622.186
648.863
675.592
702.367
729.187
756.049
782.949
809.887
836.858
863.862
890.897
917.961
945.054
972.171
999.314
1026.48
1053.67
1080.88
1108.11
1135.36
1162.63
1189.92
1217.22
1244.55
1271.88
1299.23
1326.6
1353.98
1381.38
1408.78
1436.2
1463.63
1491.08
1518.53
1546
1573.47
1600.96
1628.45
1655.96
1683.47
1710.99
1738.52
1766.06
1793.61
1821.17
1848.73
1876.3
1903.88
1931.46
1959.05
1986.65
2014.26
2041.87
2069.48
2097.1
2124.73
2152.37
2180.01
2207.65
2235.3
2262.95
2290.61
2318.28
2345.95
2373.62
2401.3
2428.98
2456.67
2484.36
2512.05
2539.75
2567.45
2595.16
2622.87
2650.58
2678.3
2706.02
2733.74
2761.47
2789.2
2816.94
2844.67
2872.41
2900.15
2927.9
2955.65
2983.4
3011.16
3038.91
3066.67
3094.44
3122.2
3149.97
3177.74
